test loss: [0.01415221206843853, 0.06400526314973831, 0.011021079495549202, 0.10498132556676865]
Predict ...
predicted value:  [[0.36621043]
 [0.6979453 ]
 [0.71376526]
 [0.49087614]
 [0.083722  ]
 [0.02169055]
 [0.03006417]
 [0.0450092 ]
 [0.7683752 ]
 [0.6342818 ]
 [0.01427683]
 [0.00849846]
 [0.00423872]
 [0.00693798]
 [0.00858039]
 [0.00795475]
 [0.07362616]
 [0.06319168]
 [0.07260481]
 [0.04836997]
 [0.02237356]]
testX :  [[[0.1        1.         0.125      ... 0.9426153  0.         0.32041885]]

 [[0.5        0.         0.1099537  ... 0.34329645 0.         0.05863874]]

 [[0.625      0.         0.11226852 ... 0.63300996 0.         0.32041885]]

 ...

 [[0.2        1.         0.14814815 ... 0.         0.24655758 0.2565445 ]]

 [[0.4        1.         0.16319444 ... 0.11468002 0.10905874 0.25026178]]

 [[0.05       1.         0.38310185 ... 0.05417771 0.10985065 0.05968586]]]
testY:  [0.5        0.625      0.8        0.31746032 0.05       0.025
 0.05       0.05       0.625      0.5        0.01       0.01
 0.01       0.01       0.025      0.025      0.2        0.4
 0.05       0.05       0.025     ]
(21, 1)
(21, 1)
RMSPE:
tf.Tensor(0.4371672247256307, shape=(), dtype=float64)
Compute R^2 ...
0.8264092793966856