test loss: [0.01323013287037611, 0.08167409151792526, 0.01323013287037611, 0.11515504866838455]
Predict ...
predicted value:  [[0.6960592 ]
 [0.712394  ]
 [0.72804326]
 [0.7431065 ]
 [0.7310601 ]
 [0.78336096]
 [0.7842016 ]
 [0.8012655 ]
 [0.8169728 ]
 [0.83181125]
 [0.8455043 ]
 [0.85814226]
 [0.86958325]
 [0.87973887]
 [0.41904938]
 [0.11471272]
 [0.03286132]
 [0.03669247]
 [0.05019853]
 [0.05913627]
 [0.06098416]
 [0.05128106]
 [0.03721735]
 [0.03792489]
 [0.69582945]
 [0.63412285]
 [0.6695741 ]
 [0.01546267]
 [0.01821321]
 [0.01061365]
 [0.01124889]
 [0.01710013]
 [0.0137516 ]
 [0.01215756]
 [0.01241291]
 [0.01288134]
 [0.01341856]
 [0.01420537]
 [0.01516894]
 [0.01626995]
 [0.1257424 ]
 [0.107236  ]
 [0.13278985]
 [0.19612959]
 [0.16479632]
 [0.1231356 ]
 [0.09093353]
 [0.06663981]
 [0.04917839]
 [0.03661069]
 [0.03758749]
 [0.9319153 ]
 [0.92671573]
 [0.9208402 ]
 [0.9142102 ]
 [0.08932865]
 [0.09559458]
 [0.09347492]
 [0.09144107]
 [0.7275092 ]
 [0.90193903]]
testX :  [[[0.44444444 0.         0.15444959 ... 0.         0.88225114 0.        ]]

 [[0.45555556 0.         0.16152263 ... 0.         0.87017841 0.        ]]

 [[0.46666667 0.         0.16859568 ... 0.         0.85810551 0.        ]]

 ...

 [[0.31746032 0.         0.31064815 ... 0.08235867 0.45321646 0.09141046]]

 [[0.625      1.         0.08796296 ... 0.10174469 0.67512632 0.01960113]]

 [[0.8        0.         0.05439815 ... 0.         0.89431318 0.        ]]]
testY:  [0.46666667 0.47777778 0.48888889 0.5        0.625      0.64444444
 0.66388889 0.68333333 0.70277778 0.72222222 0.74166667 0.76111111
 0.78055556 0.8        0.31746032 0.05       0.025      0.05
 0.025      0.05       0.05       0.05       0.05       0.05
 0.625      0.625      0.5        0.01       0.01       0.01
 0.01       0.01       0.01214286 0.01428571 0.01642857 0.01857143
 0.02071429 0.02285714 0.025      0.025      0.2        0.4
 0.35       0.3        0.25       0.2        0.15       0.1
 0.05       0.05       0.025      1.         1.         1.
 1.         0.31746032 0.31746032 0.31746032 0.31746032 0.625
 0.8       ]
(61, 1)
(61, 1)
RMSPE:
tf.Tensor(0.4216681184197999, shape=(), dtype=float64)
Compute R^2 ...
0.8717841075853228