test loss: [0.04433394968509674, 0.06792279332876205, 0.011205560527741909, 0.10585632175207138]
Predict ...
predicted value:  [[0.43305713]
 [0.65277684]
 [0.668666  ]
 [0.5603316 ]
 [0.19021314]
 [0.04709587]
 [0.0725871 ]
 [0.10365486]
 [0.67553186]
 [0.57036734]
 [0.01115787]
 [0.01197356]
 [0.0253737 ]
 [0.04861128]
 [0.05676568]
 [0.04603639]
 [0.06731918]
 [0.08170027]
 [0.06970692]
 [0.04979289]
 [0.04219064]]
testX :  [[[1.         0.125      0.13573883 ... 0.9426153  0.         0.32041885]]

 [[0.         0.1099537  0.12542955 ... 0.34329645 0.         0.05863874]]

 [[0.         0.11226852 0.12886598 ... 0.63300996 0.         0.32041885]]

 ...

 [[1.         0.14814815 0.15635739 ... 0.         0.24655758 0.2565445 ]]

 [[1.         0.16319444 0.21993127 ... 0.11468002 0.10905874 0.25026178]]

 [[1.         0.38310185 0.34879725 ... 0.05417771 0.10985065 0.05968586]]]
testY:  [0.5        0.625      0.8        0.31746032 0.05       0.025
 0.05       0.05       0.625      0.5        0.01       0.01
 0.01       0.01       0.025      0.025      0.2        0.4
 0.05       0.05       0.025     ]
(21, 1)
(21, 1)
RMSPE:
tf.Tensor(1.2345611137072585, shape=(), dtype=float64)
Compute R^2 ...
0.8235035042077827
