test loss: [0.011539759114384651, 0.07511280477046967, 0.011539759114384651, 0.10742326825857162]
Predict ...
predicted value:  [[0.3749425 ]
 [0.5488981 ]
 [0.6399344 ]
 [0.51364976]
 [0.17356661]
 [0.0609943 ]
 [0.07552648]
 [0.11827588]
 [0.6211673 ]
 [0.53557885]
 [0.01284441]
 [0.01405269]
 [0.03692451]
 [0.06320611]
 [0.0863581 ]
 [0.09950709]
 [0.06654119]
 [0.08103582]
 [0.07549146]
 [0.05340642]
 [0.04796576]]
testX :  [[[1.         0.125      0.13573883 ... 0.9426153  0.         0.32041885]]

 [[0.         0.1099537  0.12542955 ... 0.34329645 0.         0.05863874]]

 [[0.         0.11226852 0.12886598 ... 0.63300996 0.         0.32041885]]

 ...

 [[1.         0.14814815 0.15635739 ... 0.         0.24655758 0.2565445 ]]

 [[1.         0.16319444 0.21993127 ... 0.11468002 0.10905874 0.25026178]]

 [[1.         0.38310185 0.34879725 ... 0.05417771 0.10985065 0.05968586]]]
testY:  [0.5        0.625      0.8        0.31746032 0.05       0.025
 0.05       0.05       0.625      0.5        0.01       0.01
 0.01       0.01       0.025      0.025      0.2        0.4
 0.05       0.05       0.025     ]
RMSPE: 
tf.Tensor(1.7417558269423346, shape=(), dtype=float64)
Compute R^2 ...
0.8182396826744097


RNN
tf.Tensor(2.088091940281779, shape=(), dtype=float64)
Compute R^2 ...
0.8043770373447692
[0.012419885024428368, 0.08048178255558014, 0.012419885024428368, 0.11144454032182693]