2/2 [==============================] - 0s 3ms/step - loss: 0.0450 - mean_absolute_error: 0.0737 - mean_squared_error: 0.0111 - root_mean_squared_error: 0.1047
test loss: [0.04497366026043892, 0.07369740307331085, 0.011132659390568733, 0.10466621816158295]
Predict ...
predicted value:  [[0.64494056]
 [0.66245174]
 [0.6794127 ]
 [0.6957962 ]
 [0.75252604]
 [0.70362735]
 [0.73000526]
 [0.7501153 ]
 [0.769055  ]
 [0.7868048 ]
 [0.803326  ]
 [0.8187058 ]
 [0.83296454]
 [0.84613407]
 [0.43754774]
 [0.08805087]
 [0.02838415]
 [0.04066145]
 [0.04408011]
 [0.06483081]
 [0.0661158 ]
 [0.05645156]
 [0.04136887]
 [0.0438987 ]
 [0.5839587 ]
 [0.5802047 ]
 [0.6481504 ]
 [0.01614267]
 [0.01838145]
 [0.01403192]
 [0.01180142]
 [0.01713496]
 [0.01326537]
 [0.01246032]
 [0.01274639]
 [0.01307598]
 [0.01344344]
 [0.01384461]
 [0.01433372]
 [0.01491803]
 [0.0675438 ]
 [0.07528174]
 [0.10060826]
 [0.15486974]
 [0.13758448]
 [0.10276416]
 [0.07613295]
 [0.05690262]
 [0.04373381]
 [0.03143391]
 [0.02928588]
 [0.90505886]
 [0.90190244]
 [0.89836353]
 [0.89448285]
 [0.10445151]
 [0.12174016]
 [0.11978069]
 [0.11794215]
 [0.70610714]
 [0.8306443 ]]
testX :  [[[0.44444444 0.         0.15444959 ... 0.         0.88225114 0.        ]]

 [[0.45555556 0.         0.16152263 ... 0.         0.87017841 0.        ]]

 [[0.46666667 0.         0.16859568 ... 0.         0.85810551 0.        ]]

 ...

 [[0.31746032 0.         0.31064815 ... 0.08235867 0.45321646 0.09141046]]

 [[0.625      1.         0.08796296 ... 0.10174469 0.67512632 0.01960113]]

 [[0.8        0.         0.05439815 ... 0.         0.89431318 0.        ]]]
testY:  [0.46666667 0.47777778 0.48888889 0.5        0.625      0.64444444
 0.66388889 0.68333333 0.70277778 0.72222222 0.74166667 0.76111111
 0.78055556 0.8        0.31746032 0.05       0.025      0.05
 0.025      0.05       0.05       0.05       0.05       0.05
 0.625      0.625      0.5        0.01       0.01       0.01
 0.01       0.01       0.01214286 0.01428571 0.01642857 0.01857143
 0.02071429 0.02285714 0.025      0.025      0.2        0.4
 0.35       0.3        0.25       0.2        0.15       0.1
 0.05       0.05       0.025      1.         1.         1.
 1.         0.31746032 0.31746032 0.31746032 0.31746032 0.625
 0.8       ]
RMSPE: 
tf.Tensor(0.39559678946371263, shape=(), dtype=float64)
Compute R^2 ...
0.8921111587524697
