test loss: [0.027012785896658897, 0.042889706790447235, 0.004036391619592905, 0.06098245084285736]
Predict ...
predicted value:  [[0.43886387]
 [0.45106685]
 [0.46338955]
 [0.47580847]
 [0.6017194 ]
 [0.6748688 ]
 [0.6882539 ]
 [0.7109529 ]
 [0.732546  ]
 [0.7529905 ]
 [0.77226245]
 [0.7903547 ]
 [0.8072754 ]
 [0.8230455 ]
 [0.38328138]
 [0.07216987]
 [0.05390736]
 [0.05479234]
 [0.0783231 ]
 [0.07993093]
 [0.08085945]
 [0.07255173]
 [0.06963518]
 [0.06281942]
 [0.6612954 ]
 [0.6612079 ]
 [0.66130674]
 [0.02453056]
 [0.01794112]
 [0.02237281]
 [0.01525015]
 [0.01523226]
 [0.01108149]
 [0.01202014]
 [0.01118523]
 [0.0104104 ]
 [0.00969142]
 [0.0090242 ]
 [0.00844246]
 [0.00796583]
 [0.24145871]
 [0.1705299 ]
 [0.28004968]
 [0.37372613]
 [0.2953806 ]
 [0.22029829]
 [0.16061988]
 [0.11563459]
 [0.08290929]
 [0.06739494]
 [0.07574913]
 [0.9359316 ]
 [0.93594635]
 [0.93595886]
 [0.93597114]
 [0.16269937]
 [0.16089156]
 [0.15574375]
 [0.15077144]
 [0.66093403]
 [0.8516576 ]]
testX :  [[[0.44444444 0.         0.15444959 ... 0.25206024 0.18276423 0.25944183]]

 [[0.45555556 0.         0.16152263 ... 0.2625746  0.18926829 0.26096233]]

 [[0.46666667 0.         0.16859568 ... 0.27308895 0.19577236 0.26248283]]

 ...

 [[0.31746032 0.         0.31064815 ... 0.43196931 0.26790244 0.30590053]]

 [[0.625      1.         0.08796296 ... 0.10613811 0.09268293 0.28185697]]

 [[0.8        0.         0.05439815 ... 0.13618926 0.04487805 0.27689082]]]
testY:  [0.46666667 0.47777778 0.48888889 0.5        0.625      0.64444444
 0.66388889 0.68333333 0.70277778 0.72222222 0.74166667 0.76111111
 0.78055556 0.8        0.31746032 0.05       0.025      0.05
 0.025      0.05       0.05       0.05       0.05       0.05
 0.625      0.625      0.5        0.01       0.01       0.01
 0.01       0.01       0.01214286 0.01428571 0.01642857 0.01857143
 0.02071429 0.02285714 0.025      0.025      0.2        0.4
 0.35       0.3        0.25       0.2        0.15       0.1
 0.05       0.05       0.025      1.         1.         1.
 1.         0.31746032 0.31746032 0.31746032 0.31746032 0.625
 0.8       ]
RMSPE:
tf.Tensor(0.5782672529459594, shape=(), dtype=float64)
Compute R^2 ...
0.9608825163307161