bidirectional lstm R2 = 73.56 , MSE = 0.016, MAE = 0.086
predicted value:  [[0.15943223]
 [0.566908  ]
 [0.6771282 ]
 [0.5655039 ]
 [0.0919123 ]
 [0.05527923]
 [0.04350755]
 [0.13438651]
 [0.630229  ]
 [0.6339189 ]
 [0.0136143 ]
 [0.01592362]
 [0.02584738]
 [0.02926853]
 [0.05057669]
 [0.05400223]
 [0.07699627]
 [0.0907259 ]
 [0.12469509]
 [0.14485702]
 [0.05915502]]

testY:  [0.5        0.625      0.8        0.31746032 0.05       0.025
 0.05       0.05       0.625      0.5        0.01       0.01
 0.01       0.01       0.025      0.025      0.2        0.4
 0.05       0.05       0.025     ]
