test loss: [0.006476371083408594, 0.05837613344192505, 0.006476370617747307, 0.0796789824962616]
Predict ...
predicted value:  [[0.00600633]
 [0.01119754]
 [0.04398954]
 [0.57537717]
 [0.60774356]
 [0.64126086]
 [0.03073388]
 [0.21232548]
 [0.06326628]
 [0.9189311 ]
 [0.95954275]
 [0.91048276]
 [0.61914194]
 [0.19596201]
 [0.14181104]
 [0.02705002]
 [0.49426064]
 [0.3616774 ]
 [0.25376523]
 [0.4295574 ]
 [0.5179438 ]
 [0.24482122]
 [0.08961585]
 [0.93458927]
 [0.8926924 ]
 [0.08609357]
 [0.03828153]
 [0.05676022]
 [0.02737111]
 [0.06821781]
 [0.96398526]
 [0.9642763 ]
 [0.964507  ]
 [0.04809383]
 [0.3435871 ]
 [0.09376159]
 [0.04877964]
 [0.43159837]
 [0.02178457]
 [0.00892636]
 [0.004114  ]
 [0.00997642]
 [0.5371323 ]
 [0.7156848 ]
 [0.84451133]
 [0.0079076 ]
 [0.03791922]
 [0.04033732]
 [0.5587344 ]
 [0.5482514 ]
 [0.28951368]]
testX :  [[[1.         0.60763889 0.42058824 ... 0.38128712 0.         0.36585706]]

 [[0.         0.30208333 0.14705882 ... 0.47627616 0.         0.10773365]]

 [[0.         0.18460648 0.13161765 ... 0.4273588  0.         0.0323201 ]]

 ...

 [[0.         0.11342593 0.12941176 ... 0.47906719 0.59762364 0.00318745]]

 [[0.         0.10300926 0.15441176 ... 0.46135948 0.21394354 0.20055412]]

 [[1.         0.16319444 0.13529412 ... 0.30866593 0.         0.2072722 ]]]
testY:  [0.005      0.025      0.025      0.5        0.5        0.625
 0.025      0.04466667 0.071875   1.         1.         0.93333333
 0.8        0.18373016 0.31746032 0.025      0.33846154 0.26153846
 0.1        0.40769231 0.4        0.2        0.1        1.
 1.         0.025      0.025      0.025      0.025      0.025
 1.         1.         1.         0.025      0.31746032 0.025
 0.05       0.625      0.025      0.01       0.035      0.045
 0.646875   0.734375   0.8        0.025      0.2        0.075
 0.68333333 0.625      0.25      ]
RMSPE:
tf.Tensor(0.8929100828779353, shape=(), dtype=float64)
Compute R^2 ...
0.9505461309850183